[Lunarium.Logging.DestructureHelper] UncoveredLine: 58, 59, 60, 64, 65, 66, 70, 71, 72, 76, 77, 78, 83, 84, 85, 90, 91, 92, 97, 98, 99, 106, 107, 108, 113, 114, 115, 120, 121, 122, 127, 128, 129, 134, 135, 136, 141, 142, 143, 148, 149, 150, 155, 156, 157, 162, 163, 164, 169, 170, 171, 176, 177, 178, 183, 184, 185, 190, 191, 192, 197, 198, 199, 203, 204, 205, 215, 216, 217, 223, 224, 225, 231, 232, 233, 239, 240, 241, 247, 248, 249, 255, 256, 257, 263, 264, 265, 271, 272, 273, 279, 280, 281, 286, 287, 288, 295, 296, 297, 299, 304, 306, 307, 308, 309, 310, 312, 314, 315, 316, 317, 319, 323, 324, 325, 326, 327, 328, 329, 330, 331, 332, 333, 334, 38, 39, 40, 41, 42, 43, 44, 45, 46, 47, 48, 49, 50, 51, 52, 53, 54
[Lunarium.Logging.GlobalConfigurator] UncoveredLine: 34, 35, 36, 37, 38, 39, 42, 43, 44, 45, 46, 49, 50, 51, 52, 58, 59, 60, 61, 62, 66, 68, 71, 72, 73, 74, 77, 78, 80, 81, 82, 83, 84, 90, 91, 92, 93, 94, 95, 96, 103, 104, 105, 106, 107, 109, 110, 113, 115, 116, 117, 118, 119, 120, 25, 26
[Lunarium.Logging.GlobalConfigurator/ConfigurationBuilder] UncoveredLine: 137, 138, 139, 140, 146, 147, 148, 149, 155, 156, 157, 158, 159, 169, 170, 171, 172, 178, 179, 180, 181, 187, 188, 189, 190, 196, 197, 198, 199, 200, 201, 202, 203, 204, 214, 215, 216, 217, 223, 224, 225, 226, 232, 233, 234, 235, 241, 242, 243, 244, 245, 246, 247, 248, 249, 259, 260, 261, 262, 272, 273, 274, 275, 281, 282, 283, 284, 290, 291, 292, 293, 299, 300, 301, 302, 309, 310, 311, 312, 313, 319, 320, 321, 322, 323, 331, 332, 333, 129
[Lunarium.Logging.ILogger] UncoveredLine: 49, 56, 61, 71, 78, 83, 93, 100, 105, 115, 120, 127, 137, 142, 149
[Lunarium.Logging.ILoggerExtensions] UncoveredLine: 33, 34, 35, 36, 40, 41, 51, 52, 53
[Lunarium.Logging.LoggerBuilder] UncoveredLine: 38, 39, 40, 41, 51, 52, 53, 54, 66, 67, 68, 69, 71, 73, 74, 83, 85, 87, 88, 89, 90, 92, 93, 94, 95, 97, 27, 29, 32
[Lunarium.Logging.LoggerBuilderExtensions] UncoveredLine: 39, 40, 41, 42, 43, 44, 57, 58, 59, 60, 79, 80, 81, 82, 83, 84, 85, 86, 87, 88, 89, 90, 111, 112, 113, 114, 115, 116, 117, 118, 119, 120, 121, 122, 150, 151, 152, 153, 154, 155, 156, 157, 158, 159, 160, 161, 162, 184, 185, 186, 187, 188, 189, 190, 191, 192, 193, 215, 216, 217, 218, 219, 220, 221, 222, 223, 224, 242, 243, 244, 245, 246, 268, 269, 270, 271, 272, 281
[Lunarium.Logging.LoggerManager] UncoveredLine: 31, 32, 33, 42, 43, 44, 45, 46, 47, 55, 56, 57, 58, 59, 60, 68, 69, 70, 71, 72, 73, 77, 78, 79, 27
[Lunarium.Logging.Writer.LogColorTextWriter] UncoveredLine: 30, 32, 33, 34, 54, 59, 60, 61, 62, 65, 66, 68, 69, 71, 72, 74, 75, 77, 78, 79, 80, 83, 84, 85, 86, 87, 88, 89, 90, 91, 92, 93, 96, 97, 98, 99, 100, 101, 102, 103, 104, 105, 106, 107, 108, 109, 110, 111, 112, 113, 114, 115, 116, 117, 118, 119, 120, 121, 122, 125, 126, 127, 128, 129, 130, 131, 132, 133, 134, 135, 138, 139, 140, 141, 142, 145, 146, 148, 149, 150, 152, 153, 154, 157, 158, 159, 160, 161, 162, 163, 164, 165, 166, 175, 177, 179, 181, 182, 184, 185, 188, 189, 190, 191, 192, 193, 197, 198, 200, 201, 202, 203, 205, 206, 207, 208, 210, 211, 212, 213, 214, 215, 217, 218, 219, 221, 225, 226, 227, 228, 229, 231, 232, 234, 236, 237, 238, 239, 243, 245, 246, 248, 249, 250, 251, 252, 253, 254, 255, 256, 265, 267, 268, 269, 270, 273, 275, 276, 277, 278, 279, 280, 288, 289, 290, 291, 292, 293, 294, 295, 296, 297, 298, 299, 300, 301, 302, 303, 304, 305, 306, 307, 308, 309, 310, 313, 314, 315, 316, 317, 318, 319, 320, 321, 322, 323, 324, 325, 326, 327, 328, 329, 330, 331, 332, 333, 334, 338, 339, 340, 354, 355, 359, 360, 370, 371, 375, 376, 378
[Lunarium.Logging.Writer.LogJsonWriter] UncoveredLine: 82, 84, 103, 104, 106, 107, 116, 117, 118, 119, 120, 121, 138, 140, 141, 150, 151, 152, 169, 170, 171, 181, 183, 188, 190, 191, 193, 194, 197, 198, 199, 200, 204, 205, 208, 209, 213, 214, 215, 216, 218, 219, 222, 224, 225, 231, 232, 234, 235, 236, 237, 238, 239, 240, 241, 244, 245, 248, 249, 251, 253, 254, 255, 256, 259, 260, 261, 262, 263, 265, 266, 267, 268, 269, 271, 273, 274, 275, 278, 280, 281, 282, 283, 285, 287, 288, 289, 290, 301, 302, 303, 304, 305, 306, 307, 309, 310, 311, 312, 313, 314, 315, 316, 317, 318, 319, 321, 323, 324, 325, 326, 328, 329, 330, 331, 332, 333, 335, 336, 337, 338, 340, 341, 342, 344, 345, 346, 347, 353, 354, 357, 358, 360, 361, 363, 364, 366, 367, 369, 370, 372, 373, 375, 376, 378, 379, 381, 382, 384, 385, 387, 388, 389, 390, 391, 392, 394, 395, 397, 398, 399, 400, 401, 402, 404, 405, 407, 408, 410, 411, 413, 414, 415, 417, 418, 420, 421, 422, 423, 425, 426, 427, 428, 430, 431, 433, 438, 439, 440
[Lunarium.Logging.Writer.LogTextWriter] UncoveredLine: 34, 35, 37, 38, 40, 41, 64, 66, 69, 80, 81, 82, 83, 84, 99, 100, 101, 110, 111, 112, 113
[Lunarium.Logging.Writer.LogWriter] UncoveredLine: 36, 54, 64, 66, 101, 102, 116, 118, 120, 123, 124, 125, 126, 129, 130, 131, 145, 146, 148, 149, 150, 151, 153, 154, 155, 156, 158, 159, 160, 161, 163, 164, 165, 166, 169, 171, 174, 176, 177, 179, 180, 215, 216, 217, 218, 219, 220, 221, 222, 223, 224, 226, 227, 228, 229, 234, 237, 238, 239, 262, 264, 269, 271, 272, 274, 275, 278, 279, 280, 281, 285, 286, 288, 289, 290, 291, 293, 294, 295, 296, 298, 299, 300, 301, 302, 303, 305, 306, 307, 309, 313, 314, 315, 316, 318, 319, 322, 324, 325, 331, 332, 334, 335, 336, 337, 338, 339, 340, 341, 345, 346, 347, 348, 349, 351, 352, 353, 356, 357, 360, 361, 363, 365, 366, 367, 368, 371, 372, 373, 374, 375, 377, 378, 379, 380, 381, 383, 385, 386, 387, 390, 392, 393, 394, 395, 397, 399, 400, 401, 402, 419, 420, 422, 424, 425, 426, 427, 428, 429, 430, 431, 432, 434, 435, 436, 437, 444, 445, 446, 449, 450, 453, 454, 457, 458, 459, 460, 461
[Lunarium.Logging.Writer.WriterPool/Pool`1] UncoveredLine: 67, 69, 70, 81, 83, 84
[Lunarium.Logging.Wrapper.LoggerWrapper] UncoveredLine: 54, 55, 56, 59, 60, 61, 67, 69, 70, 72, 73, 74, 75, 76, 77, 78, 79, 80, 86, 87, 88, 89, 90, 91, 92, 93, 94, 95, 100, 36, 37, 39, 40, 41, 42, 43, 45, 46, 47, 48, 50, 51
[Lunarium.Logging.Utils.LogUtils] UncoveredLine: 26, 27, 28, 35, 36, 37, 38, 39, 40, 41, 42, 43, 44, 45
[Lunarium.Logging.Target.ChannelTarget`1] UncoveredLine: 44, 45, 46, 47, 50, 31, 32, 33, 34
[Lunarium.Logging.Target.StringChannelTarget] UncoveredLine: 67, 70, 88, 96, 97, 98, 99, 100, 102, 103, 104, 105, 106, 108, 109, 110, 111, 114, 115, 116, 117, 121, 123, 124, 127, 79, 80, 81, 82, 83, 84
[Lunarium.Logging.Target.ByteChannelTarget] UncoveredLine: 145, 147, 165, 166, 167, 168, 169, 170, 172, 173, 174, 177, 178, 179, 180, 184, 186, 187, 190, 156, 157, 158, 159, 160, 161
[Lunarium.Logging.Target.LogEntryChannelTarget] UncoveredLine: 204, 201
[Lunarium.Logging.Target.DelegateChannelTarget`1] UncoveredLine: 221, 216, 217, 218, 219
[Lunarium.Logging.Target.ConsoleTarget] UncoveredLine: 61, 63, 64, 67, 105, 106, 107, 117, 118, 119, 151, 154, 156
[Lunarium.Logging.Target.FileTarget] UncoveredLine: 140, 142, 144, 145, 146, 147, 148, 149, 150, 151, 152, 153, 154, 158, 160, 161, 164, 176, 177, 178, 189, 190, 191, 207, 208, 209, 212, 213, 215, 216, 217, 218, 219, 228, 229, 230, 243, 244, 245, 246, 247, 290, 291, 292, 328, 329, 330, 331, 332, 407, 408, 409, 410, 115, 116, 117, 118, 119, 132, 133, 134, 135
[Lunarium.Logging.Parser.LogParser] UncoveredLine: 67, 85, 87, 88, 89, 90, 91, 95, 96, 97, 98, 141, 143, 144, 149, 152, 153, 155, 156, 157, 159, 166, 167, 177, 196, 198, 199, 200, 201, 208, 210, 212, 213, 215, 221, 223, 225, 226, 227, 228, 232, 235, 236, 238, 241, 242, 246, 247, 249, 251, 253, 254, 258, 260, 261, 263, 264, 265, 266, 269, 270, 271, 272, 273, 287, 288, 289, 290, 291, 292, 293, 303, 304, 305, 306, 311, 313, 314, 315, 316, 320, 322, 323, 324, 327, 328, 329, 332, 334, 335, 338, 339, 345, 348, 349, 351, 354, 355, 356, 357, 358, 359, 360, 361, 362, 365, 366, 368, 369, 373, 375, 376, 377, 379, 380, 381, 384, 385, 386, 387, 390, 391, 393, 394, 395, 397, 400, 401, 408, 409, 411, 412, 414, 415, 416, 418, 420, 423, 424, 426, 428, 429, 431, 432, 434, 435, 436, 439, 440, 442, 443, 444, 448, 449, 451, 452, 453, 454, 458, 459, 460, 461, 462, 466, 467, 468, 469, 472, 476, 477, 480, 481, 486, 490, 491, 492, 495, 496, 498, 500, 503, 504, 505, 506, 508, 512, 513, 514, 516, 521, 522, 523, 524, 526, 527, 533, 534, 536, 537, 538, 539, 540, 541, 542, 543, 545, 546, 547, 548, 550
[Lunarium.Logging.Parser.PropertyToken] UncoveredLine: 73, 75, 77, 79, 85, 87, 91, 112, 113, 115, 118, 119, 120, 121, 122, 125, 126, 127, 128, 129, 131, 132, 133, 93, 94, 95, 96, 97, 98, 99, 100, 101, 102, 103, 104, 105, 106, 108, 109
[Lunarium.Logging.Models.LogEntry] UncoveredLine: 27, 35, 39, 43, 93, 94, 95, 96, 97, 98
[Lunarium.Logging.InternalLoggerUtils.InternalLogger] UncoveredLine: 27, 28, 29, 30, 37, 38, 40, 41, 42, 43, 45, 46, 47, 49, 50, 51, 56, 57, 58, 59, 60, 62, 63, 64, 68, 69, 70, 71, 74, 76, 78, 79, 82, 83, 84, 86, 89, 92, 93, 95, 96, 97, 98, 99, 102, 103, 23
[Lunarium.Logging.Internal.BufferWriter] UncoveredLine: 40, 43, 49, 59, 60, 61, 62, 63, 64, 65, 70, 72, 100, 101, 102, 103, 104, 105, 107, 108, 109, 110, 114, 115, 116, 117, 139, 140, 141, 152, 153, 156, 157, 158, 159, 163, 164, 165, 166, 167, 168, 169, 170, 172, 173, 174, 175, 176, 180, 181, 187, 188, 190, 191, 192, 194, 195, 196, 197, 201, 202, 203, 204, 205, 223, 224, 230, 231, 232, 233, 239, 240, 241, 247, 248, 249, 250, 251, 253, 254, 255, 263, 273, 274, 275, 283, 285, 286, 287, 289, 290, 291, 293, 295, 296, 298, 299, 300, 301, 302, 303, 305, 306, 307, 308, 26
[Lunarium.Logging.Internal.LogChannelBridge`1] UncoveredLine: 32, 37, 46, 47, 48, 49, 50, 51, 52, 53, 54
[Lunarium.Logging.Filter.LoggerFilter] UncoveredLine: 50, 53, 55, 58, 59, 60, 61, 62, 68, 70, 71, 75, 76, 79, 83, 84, 86, 88, 89, 91, 92, 93, 94, 95, 96, 98, 99, 105, 106, 107, 110, 111, 114, 115, 116, 117, 119, 120, 121, 124, 125, 126, 127, 129, 130, 131, 133, 134, 39, 43, 45, 46, 47, 48
[Lunarium.Logging.Core.Logger] UncoveredLine: 97, 99, 103, 105, 106, 107, 108, 109, 110, 111, 112, 113, 114, 115, 116, 117, 120, 121, 122, 123, 124, 125, 126, 129, 130, 131, 132, 133, 134, 135, 138, 139, 140, 141, 142, 143, 144, 145, 146, 147, 148, 150, 152, 154, 155, 156, 157, 30, 32, 51, 52, 53, 54, 55, 57, 58
[Lunarium.Logging.Core.Logger/<DisposeAsync>d__11] UncoveredLine: 164, 166, 167, 170, 171, 172, 173, 174, 176, 177, 178, 179, 180, 183, 184, 186, 187, 188, 189, 190, 191, 192, 193, 194, 195, 196, 198, 199
[Lunarium.Logging.Core.Logger/<ProcessQueueAsync>d__7] UncoveredLine: 64, 66, 67, 68, 70, 71, 73, 74, 75, 76, 77, 78, 79, 80, 81, 82, 83, 84, 86, 87, 88, 89, 90, 91
[Lunarium.Logging.Core.Sink] UncoveredLine: 29, 31, 32, 33, 75, 76, 78, 79, 80, 81, 82, 83, 87, 88, 90, 91, 92, 93, 95, 96, 97, 99, 100, 101, 102, 103, 104, 106, 107, 108, 109, 110, 113, 114, 115, 118, 119, 120, 125, 126, 127, 35, 36, 37, 39, 40, 41, 42, 44, 45, 46, 49, 50, 51, 52, 54, 55, 56, 57, 59, 60, 61, 62, 64, 65, 66, 67, 69, 70, 71, 72
[Lunarium.Logging.Config.Models.ConsoleSinkConfig] UncoveredLine: 26, 33, 39, 45, 48, 51
[Lunarium.Logging.Config.Models.FileSinkConfig] UncoveredLine: 31, 38, 43, 49, 55, 61, 64, 73, 76, 80, 81, 82, 83, 84, 85, 86, 87
[Lunarium.Logging.Config.Models.FilterConfig] UncoveredLine: 28, 34, 37, 41, 44, 47
[Lunarium.Logging.Config.Models.GlobalConfig] UncoveredLine: 32, 41, 47, 56, 62, 68, 74, 82
[Lunarium.Logging.Config.Models.LoggingConfig] UncoveredLine: 25, 28
[Lunarium.Logging.Config.Models.LoggerConfig] UncoveredLine: 41, 44, 47
[Lunarium.Logging.Config.GlobalConfig.DestructuringConfig] UncoveredLine: 21, 24, 25, 26
[Lunarium.Logging.Config.GlobalConfig.GlobalConfigLock] UncoveredLine: 25, 26, 27
[Lunarium.Logging.Config.GlobalConfig.JsonSerializationConfig] UncoveredLine: 53, 54, 55, 56, 59, 60, 61, 62, 65, 66, 67, 68, 71, 72, 73, 74, 75, 76, 98, 100, 101, 104, 105, 106
[Lunarium.Logging.Config.GlobalConfig.LogTimestampConfig] UncoveredLine: 29, 32, 35, 36, 37, 40, 41, 42, 43, 47, 48, 49, 51, 52, 53, 56, 57, 58, 59, 60, 61, 62, 63, 64
[Lunarium.Logging.Config.GlobalConfig.TimestampFormatConfig] UncoveredLine: 49, 50, 51, 54, 55, 56, 59, 60, 61, 64, 65, 66
[Lunarium.Logging.Http.Target.HttpTarget] UncoveredLine: 123, 125, 128, 129, 130, 131, 132, 133, 134, 111
[Lunarium.Logging.Http.Target.HttpTarget/<FlushBatchAsync>d__17] UncoveredLine: 235, 236, 237, 238
[Lunarium.Logging.Http.Target.HttpTarget/<TrySendAsync>d__18] UncoveredLine: 285, 286, 288, 289, 290
[Lunarium.Logging.Http.Serializer.ClefSerializer] UncoveredLine: 141
[Lunarium.Logging.Http.Serializer.JsonArraySerializer] UncoveredLine: 37, 125, 126, 127, 153, 158, 159, 160, 177, 178, 179, 180, 181, 182, 242, 269, 281, 282, 283, 302
[Lunarium.Logging.DestructureHelper] UncoveredLine: 70, 71, 72, 76, 77, 78, 83, 84, 85, 90, 91, 92, 97, 98, 99, 106, 107, 108, 113, 114, 115, 120, 121, 122, 127, 128, 129, 134, 135, 136, 141, 142, 143, 148, 149, 150, 155, 156, 157, 162, 163, 164, 169, 170, 171, 176, 177, 178, 183, 184, 185, 190, 191, 192, 197, 198, 199, 203, 204, 205, 215, 216, 217, 223, 224, 225, 231, 232, 233, 239, 240, 241, 247, 248, 249, 263, 264, 265, 271, 272, 273, 279, 280, 281, 286, 287, 288, 295, 296, 297, 312, 314, 315, 316, 317, 325, 326, 327, 329, 330, 331
[Lunarium.Logging.GlobalConfigurator] UncoveredLine: 34, 35, 36, 37, 38, 39, 42, 43, 44, 45, 46, 49, 50, 51, 52, 58, 59, 60, 61, 62, 66, 68, 71, 72, 73, 74, 77, 78, 80, 81, 82, 83, 84, 103, 104, 105, 106, 107, 109, 110, 25, 26
[Lunarium.Logging.GlobalConfigurator/ConfigurationBuilder] UncoveredLine: 137, 138, 139, 140, 146, 147, 148, 149, 155, 156, 157, 158, 159, 169, 170, 171, 172, 178, 179, 180, 181, 187, 188, 189, 190, 196, 197, 198, 199, 200, 201, 202, 203, 204, 214, 215, 216, 217, 223, 224, 225, 226, 232, 233, 234, 235, 241, 242, 243, 244, 245, 246, 247, 248, 249, 259, 260, 261, 262, 272, 273, 274, 275, 281, 282, 283, 284, 290, 291, 292, 293, 299, 300, 301, 302, 309, 310, 311, 312, 313, 319, 320, 321, 322, 323, 331, 332, 333, 129
[Lunarium.Logging.ILogger] UncoveredLine: 49, 56, 61, 78, 83, 93, 100, 105, 115, 120, 127, 137, 142, 149
[Lunarium.Logging.ILoggerExtensions] UncoveredLine: 33, 34, 35, 36, 40, 41, 51, 52, 53
[Lunarium.Logging.LoggerBuilder] UncoveredLine: 38, 39, 40, 41, 68, 69, 92, 93, 94, 95
[Lunarium.Logging.LoggerBuilderExtensions] UncoveredLine: 39, 40, 41, 42, 43, 44, 57, 58, 59, 60, 79, 80, 81, 82, 83, 84, 85, 86, 87, 88, 89, 90, 111, 112, 113, 114, 115, 116, 117, 118, 119, 120, 121, 122, 150, 151, 152, 153, 154, 155, 156, 157, 158, 159, 160, 161, 162, 184, 185, 186, 187, 188, 189, 190, 191, 192, 193, 215, 216, 217, 218, 219, 220, 221, 222, 223, 224, 242, 243, 244, 245, 246, 268, 269, 270, 271, 272, 281
[Lunarium.Logging.LoggerManager] UncoveredLine: 42, 43, 44, 45, 46, 47, 55, 56, 57, 58, 59, 60, 68, 69, 70, 71, 72, 73, 77, 78, 79
[Lunarium.Logging.Writer.LogColorTextWriter] UncoveredLine: 30, 32, 33, 34, 54, 59, 60, 61, 62, 65, 66, 68, 69, 71, 72, 74, 75, 77, 78, 79, 80, 83, 84, 85, 86, 87, 88, 89, 90, 91, 92, 93, 96, 97, 98, 99, 100, 101, 102, 103, 104, 105, 106, 107, 108, 109, 110, 111, 112, 113, 114, 115, 116, 117, 118, 119, 120, 121, 122, 125, 126, 127, 128, 129, 130, 131, 132, 133, 134, 135, 138, 139, 140, 141, 142, 145, 146, 148, 149, 150, 152, 153, 154, 157, 158, 159, 160, 161, 162, 163, 164, 165, 166, 175, 177, 179, 181, 182, 184, 185, 188, 189, 190, 191, 192, 193, 197, 198, 200, 201, 202, 203, 205, 206, 207, 208, 210, 211, 212, 213, 214, 215, 217, 218, 219, 221, 225, 226, 227, 228, 229, 231, 232, 234, 236, 237, 238, 239, 243, 245, 246, 248, 249, 250, 251, 252, 253, 254, 255, 256, 265, 267, 268, 269, 270, 273, 275, 276, 277, 278, 279, 280, 288, 289, 290, 291, 292, 293, 294, 295, 296, 297, 298, 299, 300, 301, 302, 303, 304, 305, 306, 307, 308, 309, 310, 313, 314, 315, 316, 317, 318, 319, 320, 321, 322, 323, 324, 325, 326, 327, 328, 329, 330, 331, 332, 333, 334, 338, 339, 340, 354, 355, 359, 360, 370, 371, 375, 376, 378
[Lunarium.Logging.Writer.LogJsonWriter] UncoveredLine: 46, 51, 52, 53, 54, 55, 58, 59, 60, 61, 62, 65, 66, 67, 70, 71, 72, 80, 81, 82, 84, 88, 89, 90, 92, 93, 99, 100, 103, 104, 106, 107, 109, 110, 111, 112, 113, 114, 116, 117, 118, 119, 120, 121, 123, 124, 127, 128, 129, 130, 133, 134, 135, 136, 137, 138, 139, 140, 141, 142, 143, 144, 145, 148, 149, 150, 151, 152, 153, 154, 157, 158, 159, 161, 162, 163, 166, 167, 169, 170, 171, 173, 174, 175, 176, 177, 181, 183, 188, 190, 191, 193, 194, 197, 198, 199, 200, 204, 205, 208, 209, 213, 214, 215, 216, 218, 219, 222, 224, 225, 231, 232, 234, 235, 236, 237, 238, 239, 240, 241, 244, 245, 248, 249, 251, 253, 254, 255, 256, 259, 260, 261, 262, 263, 265, 266, 267, 268, 269, 271, 273, 274, 275, 278, 280, 281, 282, 283, 285, 287, 288, 289, 290, 297, 298, 300, 301, 302, 303, 304, 305, 306, 307, 309, 310, 311, 312, 313, 314, 315, 316, 317, 318, 319, 321, 323, 324, 325, 326, 328, 329, 330, 331, 332, 333, 335, 336, 337, 338, 340, 341, 342, 344, 345, 346, 347, 349, 350, 353, 354, 357, 358, 360, 361, 363, 364, 366, 367, 369, 370, 372, 373, 375, 376, 378, 379, 381, 382, 384, 385, 387, 388, 389, 390, 391, 392, 394, 395, 397, 398, 399, 400, 401, 402, 404, 405, 407, 408, 410, 411, 413, 414, 415, 417, 418, 420, 421, 422, 423, 425, 426, 427, 428, 430, 431, 433, 436, 437, 438, 439, 440, 441, 442, 37, 40, 41, 42, 43, 44, 27, 28, 29, 30, 31, 32, 33, 34
[Lunarium.Logging.Writer.LogTextWriter] UncoveredLine: 24, 29, 30, 31, 34, 35, 37, 38, 40, 41, 43, 44, 46, 47, 48, 51, 52, 53, 54, 55, 56, 57, 58, 59, 61, 62, 63, 64, 65, 66, 67, 68, 69, 70, 71, 72, 73, 74, 75, 78, 79, 80, 81, 82, 83, 84, 85, 86, 89, 90, 91, 92, 93, 96, 97, 99, 100, 101, 103, 104, 105, 108, 109, 110, 111, 112, 113, 114, 115
[Lunarium.Logging.Writer.LogWriter] UncoveredLine: 36, 54, 62, 63, 64, 66, 70, 73, 74, 80, 82, 83, 90, 91, 92, 98, 100, 101, 102, 107, 109, 110, 116, 118, 120, 123, 124, 125, 126, 129, 130, 131, 145, 146, 148, 149, 150, 151, 153, 154, 155, 156, 158, 159, 160, 161, 163, 164, 165, 166, 169, 171, 174, 176, 177, 179, 180, 183, 184, 186, 187, 188, 189, 192, 194, 197, 199, 200, 202, 203, 208, 215, 216, 217, 218, 219, 220, 221, 222, 223, 224, 226, 227, 228, 229, 234, 237, 238, 239, 256, 257, 258, 259, 262, 264, 269, 271, 272, 274, 275, 278, 279, 280, 281, 285, 286, 288, 289, 290, 291, 293, 294, 295, 296, 298, 299, 300, 301, 302, 303, 305, 306, 307, 309, 313, 314, 315, 316, 318, 319, 322, 324, 325, 331, 332, 334, 335, 336, 337, 338, 339, 340, 341, 345, 346, 347, 348, 349, 351, 352, 353, 356, 357, 360, 361, 363, 365, 366, 367, 368, 371, 372, 373, 374, 375, 377, 378, 379, 380, 381, 383, 385, 386, 387, 390, 392, 393, 394, 395, 397, 399, 400, 401, 402, 419, 420, 422, 424, 425, 426, 427, 428, 429, 430, 431, 432, 434, 435, 436, 437, 444, 445, 446, 449, 450, 453, 454, 457, 458, 459, 460, 461, 34, 39, 40, 41, 42, 43, 44, 45, 46, 47
[Lunarium.Logging.Writer.WriterPool] UncoveredLine: 25, 28, 29, 30, 33, 34, 35
[Lunarium.Logging.Writer.WriterPool/Pool`1] UncoveredLine: 51, 53, 54, 55, 56, 57, 60, 61, 64, 66, 67, 69, 70, 73, 74, 77, 78, 79, 81, 83, 84, 85, 40, 44
[Lunarium.Logging.Wrapper.LoggerWrapper] UncoveredLine: 54, 55, 56, 59, 60, 61, 67, 69, 70, 72, 73, 74, 75, 76, 77, 78, 79, 80, 86, 87, 88, 89, 90, 91, 92, 93, 94, 95, 100, 36, 37, 39, 40, 41, 42, 43, 45, 46, 47, 48, 50, 51
[Lunarium.Logging.Utils.LogUtils] UncoveredLine: 26, 27, 28, 35, 36, 37, 38, 39, 40, 41, 42, 43, 44, 45
[Lunarium.Logging.Target.ChannelTarget`1] UncoveredLine: 44, 45, 46, 47, 50, 31, 32, 33, 34
[Lunarium.Logging.Target.StringChannelTarget] UncoveredLine: 67, 70, 88, 96, 97, 98, 99, 100, 102, 103, 104, 105, 106, 108, 109, 110, 111, 114, 115, 116, 117, 121, 123, 124, 127, 79, 80, 81, 82, 83, 84
[Lunarium.Logging.Target.ByteChannelTarget] UncoveredLine: 145, 147, 165, 166, 167, 168, 169, 170, 172, 173, 174, 177, 178, 179, 180, 184, 186, 187, 190, 156, 157, 158, 159, 160, 161
[Lunarium.Logging.Target.LogEntryChannelTarget] UncoveredLine: 204, 201
[Lunarium.Logging.Target.DelegateChannelTarget`1] UncoveredLine: 221, 216, 217, 218, 219
[Lunarium.Logging.Target.ConsoleTarget] UncoveredLine: 39, 41, 61, 63, 64, 67, 94, 95, 97, 100, 101, 102, 103, 104, 105, 106, 107, 109, 110, 111, 114, 116, 117, 118, 119, 121, 122, 123, 126, 130, 131, 132, 133, 135, 137, 138, 139, 145, 147, 148, 151, 154, 156, 157, 162, 29, 49, 50, 51, 52, 53, 55, 56, 57, 71, 72, 73, 74, 75, 76, 78, 79, 80, 81, 82, 84, 85, 86
[Lunarium.Logging.Target.FileTarget] UncoveredLine: 50, 52, 140, 142, 144, 145, 146, 147, 148, 149, 150, 151, 152, 153, 154, 158, 160, 161, 164, 171, 173, 174, 175, 176, 177, 178, 180, 181, 182, 185, 186, 188, 189, 190, 191, 194, 197, 198, 199, 200, 201, 202, 205, 206, 207, 208, 209, 212, 213, 215, 216, 217, 218, 219, 220, 226, 227, 228, 229, 230, 234, 235, 237, 238, 239, 240, 241, 242, 243, 244, 245, 246, 247, 248, 254, 255, 256, 257, 258, 261, 263, 264, 266, 267, 269, 270, 271, 272, 274, 275, 276, 277, 278, 279, 285, 287, 288, 289, 290, 291, 292, 296, 297, 299, 300, 301, 302, 304, 305, 306, 307, 308, 310, 313, 314, 316, 317, 318, 319, 320, 321, 322, 324, 325, 326, 327, 328, 329, 330, 331, 332, 333, 340, 341, 342, 343, 345, 346, 348, 349, 350, 351, 354, 355, 356, 357, 358, 360, 361, 362, 363, 365, 366, 367, 369, 371, 372, 373, 379, 381, 382, 383, 385, 386, 389, 390, 391, 393, 394, 395, 396, 397, 399, 400, 401, 402, 403, 404, 405, 406, 407, 408, 409, 410, 411, 417, 418, 419, 420, 421, 427, 429, 430, 431, 433, 435, 437, 438, 439, 440, 441, 442, 443, 34, 41, 46, 88, 89, 90, 91, 92, 93, 94, 95, 96, 97, 98, 99, 100, 101, 102, 103, 105, 106, 107, 108, 109, 113, 114, 115, 116, 117, 118, 119, 121, 124, 125, 126, 127, 128, 129, 130, 131, 132, 133, 134, 135, 137, 30, 31
[Lunarium.Logging.Target.TextOutputIncludeConfig] UncoveredLine: 72, 74, 76, 78
[Lunarium.Logging.Parser.LogParser] UncoveredLine: 85, 87, 88, 89, 90, 91, 95, 96, 97, 98, 167, 177, 196, 198, 199, 201, 208, 210, 212, 213, 236, 238, 241, 242, 247, 249, 251, 253, 254, 303, 304, 305, 306, 335, 338, 339, 349, 351, 354, 355, 356, 357, 358, 359, 360, 361, 362, 365, 366, 368, 369, 394, 395, 401, 408, 409, 411, 412, 414, 415, 416, 418, 428, 429, 431, 432, 434, 435, 436, 439, 440, 443, 444, 453, 454, 458, 459, 460, 461, 462, 466, 467, 468, 472, 476, 477, 480, 481, 486, 490, 491, 492, 495, 496, 498, 500, 503, 504, 505, 506, 508, 512, 513, 514, 516, 521, 522, 523, 524, 526, 527, 533, 534, 545, 546, 547, 548
[Lunarium.Logging.Parser.TextToken] UncoveredLine: 61
[Lunarium.Logging.Parser.PropertyToken] UncoveredLine: 75, 77, 79, 91, 115, 118, 119, 120, 121, 122, 125, 126, 127, 128, 129, 131, 132
[Lunarium.Logging.Models.LogEntry] UncoveredLine: 29, 41
[Lunarium.Logging.InternalLoggerUtils.InternalLogger] UncoveredLine: 28, 30, 84, 86, 98, 99, 102
[Lunarium.Logging.Internal.BufferWriter] UncoveredLine: 39, 40, 43, 49, 59, 60, 61, 62, 63, 64, 65, 70, 72, 81, 82, 83, 84, 89, 90, 91, 92, 93, 94, 95, 100, 101, 102, 103, 104, 105, 107, 108, 109, 110, 114, 115, 116, 117, 131, 132, 133, 139, 140, 141, 152, 153, 156, 157, 158, 159, 163, 164, 165, 166, 167, 168, 169, 170, 172, 173, 174, 175, 176, 180, 181, 187, 188, 190, 191, 192, 194, 195, 196, 197, 201, 202, 203, 204, 205, 213, 214, 215, 216, 217, 218, 219, 220, 221, 223, 224, 225, 230, 231, 232, 233, 239, 240, 241, 247, 248, 249, 250, 251, 253, 254, 255, 260, 263, 273, 274, 275, 283, 285, 286, 287, 289, 290, 291, 293, 295, 296, 298, 299, 300, 301, 302, 303, 305, 306, 307, 308, 26
[Lunarium.Logging.Internal.LogChannelBridge`1] UncoveredLine: 32, 37, 46, 47, 48, 49, 50, 51, 52, 53, 54
[Lunarium.Logging.Filter.LoggerFilter] UncoveredLine: 50, 53, 55, 58, 59, 60, 61, 62, 71, 89, 91, 92, 93, 94, 95, 114, 115, 116, 117, 119, 120, 121, 124, 125, 126, 127, 129, 130, 131, 133
[Lunarium.Logging.Core.Logger] UncoveredLine: 122, 123, 124, 125, 129, 130, 131, 132, 133, 134, 135, 138, 139, 140, 141, 142, 143, 144, 145, 146, 147, 148, 150, 152, 154, 155, 156, 157
[Lunarium.Logging.Core.Logger/<DisposeAsync>d__11] UncoveredLine: 164, 166, 167, 170, 171, 172, 173, 174, 176, 177, 178, 179, 180, 183, 184, 186, 187, 188, 189, 190, 191, 192, 193, 194, 195, 196, 198, 199
[Lunarium.Logging.Core.Logger/<ProcessQueueAsync>d__7] UncoveredLine: 76, 77, 78, 79, 82, 83, 84, 86, 87, 88, 89, 90, 91
[Lunarium.Logging.Core.Sink] UncoveredLine: 29, 87, 88, 90, 91, 92, 93, 95, 96, 97, 99, 100, 101, 102, 103, 104, 106, 107, 108, 109, 110, 113, 114, 115, 118, 119, 120, 125, 126, 127, 44, 45, 46, 54, 55, 56, 59, 60, 61, 62, 64, 65, 66, 67, 69, 70, 71, 72
[Lunarium.Logging.Config.Models.ConsoleSinkConfig] UncoveredLine: 26, 33, 39, 45, 48, 51
[Lunarium.Logging.Config.Models.FileSinkConfig] UncoveredLine: 31, 38, 43, 49, 55, 61, 64, 73, 76, 80, 81, 82, 83, 84, 85, 86, 87
[Lunarium.Logging.Config.Models.FilterConfig] UncoveredLine: 41
[Lunarium.Logging.Config.Models.GlobalConfig] UncoveredLine: 32, 41, 47, 56, 62, 68, 74, 82
[Lunarium.Logging.Config.Models.LoggingConfig] UncoveredLine: 25, 28
[Lunarium.Logging.Config.Models.LoggerConfig] UncoveredLine: 41, 44, 47
[Lunarium.Logging.Config.GlobalConfig.DestructuringConfig] UncoveredLine: 24, 25, 26
[Lunarium.Logging.Config.GlobalConfig.JsonSerializationConfig] UncoveredLine: 53, 54, 55, 56, 59, 60, 61, 62, 65, 66, 67, 68, 71, 72, 73, 74, 75, 76, 98, 100, 101, 104, 105, 106
[Lunarium.Logging.Config.GlobalConfig.LogTimestampConfig] UncoveredLine: 40, 41, 42, 43, 47, 48, 49, 51, 52, 53, 60, 61, 62
[Microsoft.Extensions.Configuration.Binder.SourceGeneration.<BindingExtensions_g>F1E78CD653F19342A0F30F8E83153E3C2429A6C72BF3DB176B1F4484735AD1823__BindingExtensions] UncoveredLine: 70, 82, 83, 84, 85, 86, 87, 88, 93, 94, 95, 105, 106, 107, 114, 115, 116, 117, 118, 119, 120, 125, 126, 127, 137, 138, 139, 146, 147, 148, 149, 150, 151, 152, 157, 158, 159, 169, 170, 171, 176, 177, 178, 188, 189, 190, 195, 196, 197, 207, 208, 209, 213, 214, 215, 218, 219, 220, 221, 222, 223, 224, 225, 226, 229, 230, 232, 233, 234, 235, 236, 237, 238, 240, 241, 242, 243, 244, 245, 246, 247, 255, 256, 257, 258, 259, 263, 264, 265, 266, 267, 289, 290, 291, 292, 293, 297, 298, 299, 300, 301, 325, 326, 327, 328, 329, 330, 331, 332, 366, 367, 401, 402, 403, 414, 415, 423, 424, 426, 427, 428, 429, 430, 431, 432, 434, 435, 436, 438, 444, 445, 466, 467, 469, 470, 471, 474, 483, 484, 485, 495, 496, 497, 502, 504, 505, 507, 508, 509, 511, 514, 516, 517, 519, 520, 521, 523
[System.Runtime.CompilerServices.<BindingExtensions_g>F1E78CD653F19342A0F30F8E83153E3C2429A6C72BF3DB176B1F4484735AD1823__InterceptsLocationAttribute] UncoveredLine: 18, 19, 20
[Lunarium.Logging.Configuration.LoggerConfigApplier] UncoveredLine: 109, 110
[Lunarium.Logging.DestructureHelper] UncoveredLine: 314, 315, 316, 317
[Lunarium.Logging.LoggerBuilder] UncoveredLine: 92, 93, 94, 95
[Lunarium.Logging.Writer.LogColorTextWriter] UncoveredLine: 251, 252, 253, 254, 255, 292, 293, 294, 295, 297, 298, 308, 316, 318, 319, 320, 321, 322, 323, 324, 325, 326, 328, 329, 330, 331, 332
[Lunarium.Logging.Writer.LogJsonWriter] UncoveredLine: 82, 84, 141, 236, 237, 238, 239, 240, 254, 255, 256, 271, 273, 274, 326, 357, 358, 425, 426, 427
[Lunarium.Logging.Writer.LogTextWriter] UncoveredLine: 69
[Lunarium.Logging.Writer.LogWriter] UncoveredLine: 125, 126, 129, 130, 215, 216, 217, 218, 219, 220, 221, 222, 223, 224, 226, 227, 228, 229, 334, 336, 337, 338, 339, 340, 383, 385, 386, 428, 429, 430, 431, 432, 446
[Lunarium.Logging.Writer.WriterPool/Pool`1] UncoveredLine: 67, 69, 70
[Lunarium.Logging.Target.StringChannelTarget] UncoveredLine: 104, 105, 106
[Lunarium.Logging.Target.ConsoleTarget] UncoveredLine: 105, 106, 107, 117, 118, 119, 151, 154, 156
[Lunarium.Logging.Target.FileTarget] UncoveredLine: 140, 142, 144, 145, 146, 147, 148, 149, 150, 151, 152, 153, 154, 158, 160, 161, 164, 176, 177, 178, 189, 190, 191, 198, 199, 200, 201, 207, 208, 209, 212, 213, 215, 216, 217, 218, 219, 226, 227, 228, 229, 230, 234, 235, 237, 238, 239, 240, 241, 242, 243, 244, 245, 246, 247, 248, 261, 263, 264, 266, 267, 269, 270, 271, 272, 274, 275, 276, 277, 278, 290, 291, 292, 301, 302, 304, 305, 306, 307, 308, 310, 313, 314, 328, 329, 330, 331, 332, 340, 341, 342, 343, 345, 346, 348, 349, 350, 351, 354, 355, 356, 357, 358, 360, 361, 362, 363, 365, 366, 367, 369, 371, 372, 373, 379, 381, 382, 383, 385, 386, 389, 390, 391, 393, 394, 395, 396, 397, 399, 400, 401, 402, 403, 404, 405, 406, 407, 408, 409, 410, 411, 106, 107, 108, 109, 132, 133, 134, 135
[Lunarium.Logging.Parser.LogParser] UncoveredLine: 85, 87, 88, 89, 90, 91, 95, 96, 97, 98, 303, 304, 305, 306, 434, 435, 436, 545, 546, 547, 548
[Lunarium.Logging.Parser.PropertyToken] UncoveredLine: 91
[Lunarium.Logging.Models.LogEntry] UncoveredLine: 43
[Lunarium.Logging.InternalLoggerUtils.InternalLogger] UncoveredLine: 84, 86, 98, 99, 102
[Lunarium.Logging.Internal.BufferWriter] UncoveredLine: 63, 72, 167, 168, 169, 170, 195, 223, 224, 290, 299, 300, 301, 302, 303
[Lunarium.Logging.Filter.LoggerFilter] UncoveredLine: 59, 60, 61
[Lunarium.Logging.Core.Logger] UncoveredLine: 122, 123, 124, 125
[Lunarium.Logging.Core.Logger/<DisposeAsync>d__11] UncoveredLine: 173, 174, 176, 177, 178, 179, 180
[Lunarium.Logging.Core.Logger/<ProcessQueueAsync>d__7] UncoveredLine: 83, 84, 86, 87, 88, 89, 90
[Lunarium.Logging.Config.GlobalConfig.JsonSerializationConfig] UncoveredLine: 98, 100, 101
[Lunarium.Logging.Config.GlobalConfig.LogTimestampConfig] UncoveredLine: 49, 62
